263643412
263643431
263644880
263648362
263648616
263652729
263654105
263657191
263659004
263661722
263662546
263664390
263664450
263665768
263669029
263669615
263671256
263672203
263672911
263674859
263675742
263677033
263677393
263679289
263679739
263681908
263681975
263682577
263684148
263686865
263688092
263691420
263691888
263713343
263716656
263730832
263734816
263738483
263738551
263749925
263752538
263752715
263755251
263758049
263760653
263764423
263764499
263765384
263765929
263767270
263774485
263774999
263781094
263800352
263808462
263809508
263818409
263831657
263916829
263921559
263921869
263924441
263924912
263926859
263929281
263930251
263931658
263932943
263936111
263936491
263941495
263943330
263944213
263945928
263950416
